timestamps:
  login: 1623331231065
  logout: 1623331823494
lastlocation:
  world: world
  x: -255.5
  y: 82.0
  z: 72.5
  yaw: 0.7217288
  pitch: 0.0
logoutlocation:
  world: world
  x: -242.6999999880791
  y: 65.9375
  z: -486.4807635716015
  yaw: -261.71497
  pitch: 17.219912
ip-address: 73.161.138.46
last-account-name: Neitling
