world: world
x: -264
y: 85
z: 72
yaw: 15.151489
pitch: 50.250004
name: Rules