world: world
x: -258.70404334989524
y: 82.0
z: 72.40548858728003
yaw: 15.151489
pitch: 50.250004
name: s
lastowner: aacf8959-204c-318f-86d7-b60d43222169
