world: world
x: -243.08077493764813
y: 65.9375
z: -524.0157790831009
yaw: 2.758306
pitch: 12.599293
name: Village
lastowner: aacf8959-204c-318f-86d7-b60d43222169
